Protein IDs	Majority protein IDs	Gene names	Protein names	Number of proteins	Peptides	Razor + unique peptides	Unique peptides	Mol. weight [kDa]	Q-value	Score	Reverse	Potential contaminant	Only identified by site	LFQ intensity Experiment1	LFQ intensity Experiment2	LFQ intensity Experiment3	LFQ intensity Experiment4	LFQ intensity Experiment5	LFQ intensity Experiment6	LFQ intensity Experiment7	LFQ intensity Experiment8	iBAQ Experiment1	iBAQ Experiment2	iBAQ Experiment3	iBAQ Experiment4	iBAQ Experiment5	iBAQ Experiment6	iBAQ Experiment7	iBAQ Experiment8	Intensity Experiment1	Intensity Experiment2	Intensity Experiment3	Intensity Experiment4	Intensity Experiment5	Intensity Experiment6	Intensity Experiment7	Intensity Experiment8
P00001	P00001	GENE1	MaxQuant protein 1	2	22	9	10	101.0037499953314	0.008802640057415587	183.1689244300658				93638.88993356077	2167546.5972848358	65681561.22028536	649951.6162242536	1685572.7201710658	28218834.163475003	1367362.8233002957	4799074.09323982	818831.3119348115	655316.2995841395	249564.75659216923	2487853.2283741185	6597806.300543806	270033.70272417116	3954028.2521905936	210083.61401514648	13133233.65942491	2989894.8197541605	3095401.238653578	71111794.37682642	9053700.031530276	134011461.2579754	2469418.6924891635	116170332.00335625
P00002	P00002	GENE2	MaxQuant protein 2	2	30	4	13	33.40474489455794	0.0032167114145731715	110.66955721526135				4101854.1321533467	4898327.23059908	1305868.14771716	3494855.168390354	2085218.80703126	7252857.864544529	5528747.679723086	5272455.887260145	5209080.073314347	201613.97104799486	540136.1890347429	807723.2187863633	1588099.4644026933	1842121.1629676253	863747.8635707253	1622221.0614670918	7231779.762099653	21085986.41708126	17056257.545682315	55536078.47288239	1843269.6395577928	12658889.74168211	2838966.0458218846	32120449.409892976
P00003	P00003	GENE3	MaxQuant protein 3	3	17	4	2	101.42250837502017	0.0037916895566790787	245.12650065411424				36284116.91268535	25570988.35692433	23552923.847491287	4928054.898401177	1352622.5311973894	6375484.804277115	21901190.21007431	1048188.2574870347	2429956.933613013	4190280.9050588096	796027.4878963045	829275.214128335	5215090.75076746	2801006.2795289923	859863.1474725287	226512.97663920134	1958156.8041198237	18216328.270717584	6947798.773926849	142006432.1327699	39291867.88972816	5745853.078183293	33444890.702482384	10037156.007900838
P00004	P00004	GENE4	MaxQuant protein 4	3	7	5	7	183.8471398891377	0.003197106839866842	288.0898991341992				8560961.851655288	2627766.2817775323	3401848.960082594	1168554.74693157	234958.47066031027	16991019.455193035	1519379.9512045765	23450529.73185955	162223.2422366836	7990496.409570872	855230.0243708024	770757.9950679282	988311.3921830251	54802.091393955554	5099280.117112071	1191905.2610295434	18353593.748258296	639604.8340326127	15452842.480237233	11631517.7327612	15262523.626181645	4151030.7586968937	5667092.246290795	6090503.666396623
P00005	P00005	GENE5	MaxQuant protein 5	1	20	15	18	139.15541440673053	6.780429620793726e-05	284.7771509656485				298132.7825309832	20761502.155411005	5633765.510422731	2091538.5879847044	5525278.332915678	4499250.057546018	6708028.671196827	376999.7642166275	1151167.3434169944	2052440.5609902286	199261.76477443217	6656874.2237859415	892245.594025256	65030.06215169462	10224875.073078517	659668.407164377	9544142.871230597	6756710.312162715	132438880.59884742	9384138.470655136	3390624.3035230064	3632516.4928332483	19890657.95603148	20610153.708271824
P00006	P00006	GENE6	MaxQuant protein 6	3	14	17	16	61.523297864343846	0.008676341331158114	181.96653538029264				7360919.828518333	1684215.4571418518	9215615.176336657	18981747.898123655	11786096.066966757	14012660.262192395	1269783.5922257837	5527713.198845683	1035528.0606970023	888224.8871110005	2285905.9181061294	1177903.5293690194	2537601.3184679598	8418935.986946454	1219162.0987606498	7064067.523838976	16043746.174664631	1896051.524332733	1933148.7277739034	2921162.6977500943	24187235.587090902	6279428.5446654605	9154903.882134808	2697916.4705072464
P00007	P00007	GENE7	MaxQuant protein 7	4	2	13	4	32.24321563567433	0.009708660854976773	211.25179444885893				13891864.0519102	2996925.7628612183	4864704.73104208	2883518.7921447544	5086262.353249364	49052870.357452385	367539.7374299133	3281902.3428355493	123812.8951117793	6755625.04884149	5808803.072495141	2598893.3936813106	1485095.798211741	2469544.5032401066	3122300.919326181	391559.4271471512	12947007.774500377	2945283.9096619273	5767484.796452354	417075.89709835406	4131285.5826848526	4062113.251458896	1576082.7123467855	432946.2060606396
P00008	P00008	GENE8	MaxQuant protein 8	4	16	22	14	193.25857079575033	0.0036891711330787435	160.19608221623736				2589756.8248798302	53382537.92018993	8522833.967682915	7196321.835571002	972606.8005131652	61085996.488719344	6087234.011208126	2222376.967859947	1292599.33336746	12363772.751922954	4060738.9196388265	654344.1002753807	6757168.446667221	12319194.099950522	89010.1949523883	1038028.9630730659	5119330.912632585	12122832.716878738	2124587.507130557	4612052.376857808	15666613.569930822	8505137.050277684	36244056.10971544	6142984.001751556
P00009	P00009	GENE9	MaxQuant protein 9	2	18	11	7	112.62464557827177	0.005436688991841596	120.77514677540789				213782.6649429823	9326114.953150202	4605389.943572984	12066804.047530152	1667880.4001287925	55449737.73418468	1787661.6987474123	48734323.57196631	13470177.052328842	308527.81556872366	1423289.7314968624	443867.5638974575	89908.34506474262	2313683.2313062223	1101553.482836366	6875221.333117346	77573101.60087828	808427.575686713	5551135.340307594	14738526.811543504	27486211.68143311	10601682.82189848	2860817.2808350646	6040934.993269173
P00010	P00010	GENE10	MaxQuant protein 10	3	28	22	10	76.65426221097933	0.00289241341940356	78.66455760436736				8576254.201541508	233057.19099234842	36343147.885114826	6435020.821197032	15890487.135816721	7277525.172881174	1243468.164707076	64645936.763698414	230993.62115433443	2064813.2635312602	543841.3626103777	2418848.603234365	1070772.2323615127	1723252.2027203296	6004323.235400721	1228107.3219526361	7214819.684977023	1068903.115259223	6594851.924329771	521053848.18887395	30680227.04754486	16895542.837003294	5415657.175255505	17826478.221527416
P00011	P00011	GENE11	MaxQuant protein 11	2	24	11	6	146.28563518548603	0.004668642044806979	250.51411422437855				1067155.2532155076	26919790.773564313	2616746.47947252	30982502.077347234	9466221.819307672	4218534.406226139	16256964.983091658	2607911.6989252428	770766.4146265889	69701.09743431266	1447881.7937574242	2157706.961052264	511184.5926660161	1077927.8922354782	1333746.8626133648	37900902.57231687	29399161.117021546	2130879.336312758	609288.9793373379	28957113.50796192	4128664.697732578	1979520.1619284532	32756952.685412593	31970474.686218224
P00012	P00012	GENE12	MaxQuant protein 12	2	7	12	19	147.40937793832845	0.009653028667940884	128.48951868062636				4349426.9937197855	1167450.0129042324	9310463.66750846	3069543.75154306	3126635.6676113186	2553823.5628369558	500633.67763455346	1810575.8434888525	7892474.399134184	308363.8711480307	276270.47062061756	682196.7864619909	265886.8713106923	243286.9839516014	195478.77093876124	255783.3745249382	7621226.78563964	322426.44320306455	1071700.933329435	1196031.3034525944	7726622.524564142	2167552.955010518	12870150.904525522	2402067.6079410943
P00013	P00013	GENE13	MaxQuant protein 13	4	30	4	8	182.93306252698017	0.006924197238243866	174.54898045859244				2609125.5999770616	28651467.927372813	11631662.899486601	1854283.437647426	7443103.701179157	40218251.16083636	9272830.303536715	2525328.104744109	1618917.0289690825	1761372.7080946579	87740.04180551956	453398.0062264359	1087261.1227677453	12188736.499623535	2603934.350549834	1378262.3471030707	897314.0567524441	4264264.966208	1013476.6416431819	9113119.657477992	3558535.21813701	23789163.975459266	7689895.604248891	8293089.406482188
P00014	P00014	GENE14	MaxQuant protein 14	2	28	13	6	134.71667894744195	0.001967335997011246	110.8923847002282				31222597.908353332	3723120.7706833193	538224.5378904968	15198482.818068951	2400040.151862271	346807.25552586804	703670.2696588034	2102488.9850370283	3492152.737327833	2426436.309445909	456687.6734794572	2044395.4047663433	155355.11254979362	9167890.349530315	1178198.8985786962	2051631.4604839971	5464181.272687842	17361874.60688783	173555024.80429858	13140025.93058082	6168768.169959947	7628658.653253586	3617408.286554998	7096455.998160021
P00015	P00015	GENE15	MaxQuant protein 15	4	15	16	14	62.25763662673229	0.007852486930255476	225.52504144663823				14598131.59936622	153532947.84458798	446763.67041435227	906118.9498149978	985719.9012148028	3269976.5013814527	8899485.59515572	12633864.602454836	8552420.286078585	2118576.2776046665	2278958.2292750715	4838554.283298335	547344.6654389035	2956893.7228597966	712618.6492605447	3245799.5694361017	1779247.7346045014	50703725.18526799	57007547.06440429	2272730.4295850703	39290170.22935164	2987295.12470177	2232551.836876417	23151005.017120514
P00016	P00016	GENE16	MaxQuant protein 16	2	9	18	18	25.8120285248156	0.0022065419362086738	91.08939665171098				1374277.3471142673	1056778.2199315638	10182145.477208873	671528.7533349826	4608431.367597779	249043.29971897442	1778619.8190758321	2554529.133708883	4362378.4414463425	10785132.327175457	2466045.412375761	172522.38842274767	11658589.384334244	495304.7633359707	505933.25632971094	1745089.6798088846	524075.80141651817	33213708.288936306	9441666.131031126	7596694.21538867	37845234.73398562	8982660.705572253	92769626.22634247	1821517.0025207163
P00017	P00017	GENE17	MaxQuant protein 17	3	4	13	8	135.49650398683042	0.0017554691762068986	197.07916848207165				28642274.93420084	4844783.971652484	4683600.03523089	187122.20404333106	2480965.611902052	10580717.81166278	102499427.07205874	190689799.1194456	276990.3048181964	5997534.239760933	73097.5253971802	2589276.9194573574	877736.0043755373	681749.971327196	787227.504811774	1049322.0686837763	3684547.7831589715	500700.70472344826	84747718.69131413	3599825.8673992227	6241246.437268345	12586272.756788427	19069315.97091929	13198469.407992171
P00018	P00018	GENE18	MaxQuant protein 18	1	25	7	4	30.63276023514007	0.007481918991211088	74.08949048893142				1385223.0294646965	31380235.57560389	9064900.4020054	5296092.8118939595	763194.6600039621	1230811.3001738118	9272405.772647759	5713334.098126641	322069.07499582117	111429.78163446386	829801.6590873529	126835.32151298448	206377.05300583647	3965159.8248606557	205836.590569342	367119.11391577276	5342791.100834611	41313089.013958275	19174881.99118278	31159529.10875904	324845.9866010356	2055548.611386976	12413215.91678891	1480551.8185930154
P00019	P00019	GENE19	MaxQuant protein 19	4	23	25	4	149.5635322321787	0.0013117538824896503	215.50405264835237				6862345.290320551	16585508.066404263	2997897.5621412056	21554793.780291203	9115375.911550367	2572008.2565318737	10085214.185083749	18843360.645094976	144243.56033121102	31988035.90480495	231776.46916360073	3208500.6569879036	8355551.365867798	1151913.1613885122	2007853.1510216277	1669791.549928771	1710905.861032822	22884223.210374277	747689.2144475232	9736918.131044663	9700805.684950372	12658662.898706853	1059197.0228105276	70186340.45157053
P00020	P00020	GENE20	MaxQuant protein 20	3	4	8	14	74.05151167414769	0.0010482670674077355	73.13496426193198				2473199.8983897567	12254231.613606455	488576.85946680873	116881.80425824593	13915107.353084713	36078214.70342834	416817.5949184292	887466.1257393215	22866545.81379909	895971.971703629	4868683.270320894	5590805.73466683	1284120.010343909	274115.01808135794	10418491.680119555	1669979.122900482	1647375.9870801433	1557162.3542967625	9123795.897228481	876656.8864753132	201572914.27545947	20377861.392311905	29067610.017319877	5875368.182278769
P00021	P00021	GENE21	MaxQuant protein 21	3	22	15	9	73.79501765436686	0.006018917648576664	245.08628920973308				672056.2581883139	12863307.827000353	15189565.554407299	2869012.414657644	7981565.728866253	2788546.254446323	472107.6484108194	979917.1922099052	411239.41476817254	1980830.7363564314	834691.1020508867	3844857.975587386	346824.10809319856	2607309.1099934247	1123455.0838427725	6755627.79117121	10129008.835226582	24354479.267337464	429295.30541758414	16210330.176360203	7300461.448553518	19957818.901721656	11150946.02010353	1367481.7227144423
P00022	P00022	GENE22	MaxQuant protein 22	1	30	19	8	179.39001001607565	0.007473625334985829	222.91168836367862				3218721.625661621	2579604.103408681	5773996.741729624	1560343.5238125448	14296445.725910785	4611452.711871965	14478699.75332212	7615128.57332325	101121.740422692	6979008.937792565	1207571.55995699	454273.3228860699	5212786.250675802	491740.8978968218	688896.5941661218	844869.6108373503	6502265.899204336	1794702614.8879235	35043825.61269827	32720158.762922417	22121088.504288036	2545076.8664757134	26580897.446874432	17969228.143788997
P00023	P00023	GENE23	MaxQuant protein 23	2	15	22	2	40.674411754798776	0.003931238313411436	134.8344125777648				8686225.043268705	8643331.614698648	3516074.1132795694	6535859.666139355	21886937.715175852	8080601.077674609	6007215.1084650755	10003461.368814025	2445197.2583373953	592737.6709132976	6519064.152897957	140276.85012883408	4485871.412639681	538801.6114279937	20541934.230673157	1508204.5589219565	15863322.960343262	727566.9683552855	16411013.343185464	28697368.520730484	1291581.4811118117	1914838.9416222803	9768645.908883935	7128190.735836816
P00024	P00024	GENE24	MaxQuant protein 24	2	15	20	6	103.87418614324557	0.009978055943213694	121.97507238171691				93031357.56030528	8883909.336489623	2338013.224060999	6688430.637521508	10218260.490563512	1416469.422630715	4255293.3992193	1587103.855543761	3053947.9035699624	8371372.885906452	609919.706791418	789327.1411450861	336548.7192146039	12452992.635592747	126552.63339605006	2098205.0758438595	7857188.224129147	837466.8200535453	10755071.774868893	4458776.7742165895	161084755.89731175	7511595.067560273	9752217.37567978	2189899.3168179384
P00025	P00025	GENE25	MaxQuant protein 25	4	2	8	20	177.71192000830305	0.0010370769480040065	102.12932061636566				10791719.113472966	1757240.5426718304	25755272.56753905	611129.6144532481	5088425.7404191615	8365201.401955325	47673436.51664222	2508219.368106998	334597.2847510876	174570.4148611557	2746941.381459448	4888995.443304831	588298.3249985467	173248.63685933215	1619548.7767242354	232968.09240894378	29134148.653249666	18495978.91710216	13015629.511625765	410924.7211178688	1363303.068487006	33389652.373302173	4983911.036246937	2766740.2413204983
P00026	P00026	GENE26	MaxQuant protein 26	3	20	16	14	190.70062448360824	0.006129115728209626	77.05083397747183				1747994.5610011683	1392213.1611925769	9219416.192419427	17329103.644567363	2993571.6041509206	122531959.56237228	5851152.370584938	23120432.63597356	3408227.0219080844	1090782.161524713	406910.0369342919	277458.87176746153	407314.3989225691	223883.4035631824	470468.06759303855	517932.79744955554	50056601.89634839	3329503.877822047	112040729.11349425	13268661.742615672	16956166.330285355	29390802.379979927	1448306.3141808244	775948.013960222
P00027	P00027	GENE27	MaxQuant protein 27	2	7	11	18	67.60860949398582	0.004331094284617247	128.6447687203886				1962863.2456272608	36157133.27420788	13226873.503557356	13200264.300184501	4790375.8394409	5215199.057124759	2167737.069611614	770237.3527168887	5868123.108180667	1119731.1195407056	282078.03558796574	4026816.8736419235	113764.93053022947	28376983.190209232	1015464.5205128038	1203337.395941065	23235061.24266662	35082649.735415325	35914440.6999477	9400002.160051012	924433.6048382559	2744977.6312384545	3952527.7466854556	1077304.3751702707
P00028	P00028	GENE28	MaxQuant protein 28	2	23	17	18	117.14646923851917	0.005401323617358182	259.21572527358796				2331654.0719622816	1673726.8014478907	7646014.926714757	2130835.648624258	2781168.5950950915	54332250.6101855	1952588.1190677928	5256276.874752617	4700856.581994535	344990.94633910165	3720801.856806877	1220036.8095914742	562598.6700263317	2669499.2016977114	879798.5743055447	392317.20857378346	90279884.79904085	33196014.220207535	2058025.6683714392	4094896.7608459317	40718674.86107119	2105581.033357103	17697461.926136766	3071877.314387082
P00029	P00029	GENE29	MaxQuant protein 29	3	20	12	17	78.16952235754495	0.0022311127333952273	254.33200256246417				61957742.405148506	773759.735922978	5412100.350253934	2723500.3445660756	13415949.790065322	3821958.282233808	702418.5606791591	3975903.9806802724	304739.9067734086	1398157.8544434782	3207158.3245815183	1540948.853378369	820986.209278528	834981.4940000849	49277.35581181636	148950.21141087008	43325483.45439244	6755291.60695846	12460651.647849798	12223337.187960286	57375016.90031191	9074350.12548611	749879.2762586055	955677.089345918
P00030	P00030	GENE30	MaxQuant protein 30	2	18	18	20	116.00622630510586	0.0036997527822530477	109.2119335517218				1003456.2043676547	33240409.430544954	1375935.7330356387	3333785.486837936	20678831.088099282	1246672.9500672352	3425763.7594735357	2659466.054889065	904687.5980240674	3293296.752819196	7038549.60769755	850236.2762234319	593716.6570977995	682894.223915286	664467.9640116808	8558776.9560765	754928.4583380712	2203867.9402522645	1337455.8694977965	147769393.55418405	4665787.241713611	1621993.850304743	22532145.620879754	1243854.0457885587
P00031	P00031	GENE31	MaxQuant protein 31	3	18	14	15	87.67609482870174	0.0011190902155030968	206.92563878426392				2955960.8823726536	1667444.5722160903	5358092.240154731	5534415.559413989	8338896.709757995	19280640.921574436	409208.8133972486	417178.53537623445	1485365.687710786	501590.3864674717	1001188.7628123274	2617273.6520394823	1415120.4678493482	1205079.7451734457	37365.91280409754	427692.3640393644	11368710.91941434	8036505.618865458	8436600.720754875	30493980.846454293	12606181.382056916	5102107.695254622	608287.5837769767	23535197.359840833
P00032	P00032	GENE32	MaxQuant protein 32	3	7	2	18	118.31786743754034	0.0045448586437914894	176.62644286149828				6689803.372975015	6481251.714011646	431053.1105459792	1229566.3545362093	11935368.386548756	9788162.351221971	27146701.048627954	8484762.248036638	687740.40143439	8590248.854174389	864799.6324380005	1747658.038554827	7983100.140031312	16638820.462238451	134365.77914065888	59476.068402318735	4154430.645743662	7727342.947329268	19719272.28516014	13233497.355679875	31388729.907099593	2947141.6048619174	38849976.70996107	919288.5329488919
P00033	P00033	GENE33	MaxQuant protein 33	3	8	14	15	109.40639973718521	0.006568882858967366	123.11145376000941				241983.9935231873	3172921.372909467	24544134.509522494	44085751.61228449	1434003.3280280696	4390760.566473985	4234249.441874528	3122669.6824900946	1201908.287144582	378227.9710011039	639999.9686133586	172989.76322054103	562329.6934774723	466688.61911256844	1459566.3504028313	1145058.8388602147	3514759.8972436795	28820669.31253534	70964143.67995696	4341456.512754163	63135563.98060119	10283212.225950465	743893.9867299788	3239160.706306444
P00034	P00034	GENE34	MaxQuant protein 34	2	15	17	3	133.3608590222381	0.00956842452395269	136.7247881168435				4083926.9065536917	2063299.292213012	1284255.8660676586	1165089.0631664083	5827449.392971435	61456.66604803628	2637030.5160059487	936674.9376794465	1998540.9244113087	2953966.0501766005	415667.5960486602	5475430.170584114	3388187.6760486453	8128318.001628111	1226443.5543203657	4945775.073641827	21566136.994863603	86839140.18413489	397763614.1814969	44239015.73232716	13955434.693320097	9036178.940148223	2615420.70328854	12083964.039759705
P00035	P00035	GENE35	MaxQuant protein 35	4	6	2	18	38.845994850568516	0.008763932582860685	99.24712553469945				2443899.137880462	623018.773339054	5689170.6769864615	583721.5800540012	369973.0316926061	2353558.0394903705	3501296.7492635357	1570872.3850534866	5484959.482104728	2375965.652957448	168335.7867616146	415931.1057915634	367219.03552703856	52645829.46672146	320491.0661913528	457951.8623555261	12852835.101432124	18191201.069186028	6198800.245712844	67393595.2833932	965465.1520913065	31537434.834356166	2762699.1073203613	93749025.62178788
P00036	P00036	GENE36	MaxQuant protein 36	4	27	4	11	156.18714032576295	0.003387592537985964	156.24031983528255				1682597.316412103	5023541.437549062	133644.9495849882	3332405.8331781565	11110891.396294089	5087442.062493964	8096917.997492958	1751214.5036711919	1603452.808598274	848902.6544022501	732649.0838258357	1783076.2592709262	226715.85189586904	198713.91168070928	78500.6808843881	261077.69523799344	1324615.195470432	12832044.920474298	5215091.853498916	3568935.089860445	32393069.826220393	18173042.494202133	63469421.67286814	1683251.785835041
P00037	P00037	GENE37	MaxQuant protein 37	1	14	21	2	15.608180706995233	0.009251983645902673	124.71331704801274				4481261.885671234	540251.2576661647	317865.521801551	5937152.661162659	9325616.505310148	15903743.310131062	4707085.9863098115	806561.3194858539	885300.0701766035	66231080.14954805	22090.77244265459	6938560.804653662	17218438.1350817	89108.30080606756	610193.1011965881	3110057.782172039	33001002.17490067	5643700.8546085395	272260321.77302533	11787589.005836604	14733526.938870993	17828254.077724077	5713724.764064887	7120029.142736007
P00038	P00038	GENE38	MaxQuant protein 38	4	20	15	20	64.99319034942911	0.004251069298963881	282.7963684451821				4047355.8999359063	1708992.3815111727	2088881.648413912	635180.4591845444	4176066.827351832	14969940.923612325	11799664.231016042	12786106.03327258	950256.0797827755	290410.5436743348	711613.1696328458	2747555.518382874	2959344.2492911685	885828.744243502	409831.10964152974	1498406.7017588299	752367.3509154601	9649853.662179334	29085297.2646697	2201536.4213387487	23589177.973812114	5137639.526994153	5101796.2735716915	2447227.7724362705
P00039	P00039	GENE39	MaxQuant protein 39	3	30	14	14	49.1856620645331	0.006264333971763891	90.61494647391528				2380299.670009131	472004.6242085285	16036352.870835835	5020598.763663099	1319376.7693237304	822164.852423963	3521786.9463904877	3563841.240692274	1029054.3533494307	493985.6513399784	10446709.264356907	1359710.634716725	455694.30613876635	1516512.8578208333	2472360.2989474605	2996596.518869293	6919969.617252234	6180179.586347155	1848778.681992594	7052846.154184151	23093841.739439655	2933356.168898061	21763254.122179125	41230281.23053346
P00040	P00040	GENE40	MaxQuant protein 40	1	24	5	16	116.97194027082824	0.0035200991849049733	103.1704526380575				10196239.232737081	12943119.793643827	225923.87073113458	20694235.14556224	1085683.7124844452	5385426.931077957	1304064.9039489895	4250686.712108066	263766.9692209824	1031535.425172683	1548451.8220195337	3772355.5079627405	1151304.4975493017	586689.6477592599	86676.17280307823	147371.8315858928	2279799.5762230665	3761320.1988061885	37791268.04719269	1622598.8499613365	8125222.779096672	8839137.999486897	30766288.694738105	3871657.315989352
P00041	P00041	GENE41	MaxQuant protein 41	3	29	2	8	168.31450014885615	0.00854068216707099	58.43999377634158				2268952.5163665363	14293711.623992158	17538031.188675396	54990570.83231623	39464082.091223486	25349249.524844594	18507513.417453725	3647274.8617076734	414979.8256844292	901526.2138153698	467433.96311979205	1869441.731982049	320883.79228739836	900174.5012421062	349755.7505425274	302706.403161454	42404647.53195598	6193873.806227533	40600766.51828354	27061172.935416155	735928.8963943163	64470794.87395233	6548852.598456882	6190978.000272193
P00042	P00042	GENE42	MaxQuant protein 42	2	19	6	5	71.464596998455	0.00992469344026905	184.06807299612052				718912.0035559991	615179.9724468067	665789.2304744219	10035967.292860832	22677895.186815422	4883536.207715	8125288.028482677	1360368.6622828715	10087527.849416371	8662714.018264784	1372137.3482563263	321655.4826110663	2888684.5187878096	2596779.3749540793	358800.62249843456	1196482.09462968	24810269.27673689	2040149.9424977142	15560224.85903327	1737221.803887375	52006214.99213668	3983237.414111983	1691416.7654952519	8350673.92921178
P00043	P00043	GENE43	MaxQuant protein 43	4	21	15	19	32.64595018084586	0.00967129132754104	257.5008166428969				8941589.022880716	1302292.1092410404	48694552.35332092	9931269.685595242	1141809.4579147627	860406.4952802914	410645.8696372143	612802.1680894884	21958961.304481722	2857964.930326722	11290250.132599486	5200744.3120308295	607854.1807263867	38430431.14354899	7913119.935735521	511520.7344528309	36504904.94004582	4427410.458832563	4001342.682125307	29367096.017601196	24928383.308071814	14923702.849792229	2575780.221806048	3015610.8504089657
P00044	P00044	GENE44	MaxQuant protein 44	3	2	11	5	33.73721148981559	0.007500816421026375	208.47102636740553				7639358.772289368	4651719.766424445	3571846.3759537195	2895999.374855009	3655751.0905358572	4057556.6404281575	22228459.70487643	3253233.929928293	5345425.256983945	2095479.0774778777	6512910.11197679	2781961.864118232	9139940.369597346	2665967.2162085003	7480426.283887602	2785176.6871939725	28132029.11140388	25602245.808471315	3520736.181388653	5437128.646479199	7223936.553541238	109959597.7235395	45975295.744384006	25582104.024376303
P00045	P00045	GENE45	MaxQuant protein 45	1	25	8	8	176.1733305225642	0.0037969904444236013	139.9469685722604				16976767.42448535	1323164.8481955722	8284477.601730991	3472124.415282466	5896890.824414917	458681.5755691317	12006306.889081376	4040358.8142648535	118281.37455557565	212274.9707144201	528340.4683574585	1280987.9391460589	750098.6432921583	488585.96377372055	9866345.925567118	48129266.92617486	265803.96769715106	17345381.16925669	17379262.811700724	6362250.71873228	10672691.75734958	86804263.17162251	11201242.353418607	14907529.85582972
P00046	P00046	GENE46	MaxQuant protein 46	1	4	25	14	179.28853992514328	0.008057855854393215	229.09692792559864				3019599.885220429	2641233.991586028	2620376.0023034974	7378863.623350086	6290209.628158618	764690.3988725422	1082618.0178961852	23881854.553835608	220100.48291958	873505.5793275135	244877.33334921714	13802632.365574352	1229057.994298988	1300614.0674239022	528303.1411884598	3414503.8542510397	2088754.8495342606	11099936.284471817	13186129.426097158	775394.1397889256	12300204.97951279	772736.8212474765	2682394.411280111	585557.7271450779
P00047	P00047	GENE47	MaxQuant protein 47	1	10	13	9	120.84152622265616	0.004371970480979787	276.09113819103925				3686379.512832819	3636874.181056067	1210032.6111306562	873534.1893491357	6329650.831191399	3997377.5895953574	1283861.8433463743	17226405.676009003	2173363.0299523785	658007.0506983225	24158888.17061575	918522.5756278767	479560.2929919712	143849.7487532587	947106.8714933326	963166.6524928604	28501463.423057273	32680284.87520956	4826341.390651731	20684139.76927668	1551171.2751286277	224647127.8826056	592085.0181931449	4920311.765839849
P00048	P00048	GENE48	MaxQuant protein 48	2	12	3	12	71.92050180703887	0.007402259381951968	285.2248967236604				9619163.891596904	21464959.30323085	15778599.355150495	19211509.16981549	16105420.524018215	168593.01859388975	9046668.063350957	397328.22003239265	2357568.511551235	171432.6343276053	663000.9958222219	2943353.3104887507	6594108.146352756	6268793.760257238	3363021.259165005	4622680.234008576	3578948.531062764	28230016.224483512	13410293.809936922	32594999.67350581	3395682.2625129875	6765507.296399396	78809307.44845079	183921.67095366964
P00049	P00049	GENE49	MaxQuant protein 49	2	25	21	14	133.9653820793024	0.007736302949828617	74.37340798754053				10771567.968032278	5153561.080729819	1239302.561202398	10099861.907309951	26426651.311072126	9888386.931084154	1720467.405948155	1681462.1423414657	2462273.1993334163	530411.684719905	144178.0563304932	31029343.79447336	1036351.2374055879	2643196.2074198453	3686672.823916113	1658388.8406331595	2729631.8101429446	4172050.0711247446	1336072.8318945148	3879041.5757296393	110339.07897515647	1724477.6069796705	8317489.966239545	4849557.1935455855
P00050	P00050	GENE50	MaxQuant protein 50	1	24	14	11	55.25659444620138	0.0040180450513380775	214.20598194520727				400810.46366245445	3097747.3779246323	586456.1281047214	9844526.92454145	1749764.1388007547	10378828.581905557	1553746.6443685812	1345485.6467863934	392067.9050397997	3192920.6064041345	417192.9443170065	2395273.34256519	286651.7427753923	3569311.4225399503	2473905.479745184	2932386.4086314794	3983571.789522188	2802843.720536657	11212270.103269357	2785988.2063410664	1910134.1314204638	12227901.60999431	3786465.0797634246	34824448.35839426
P00051	P00051	GENE51	MaxQuant protein 51	2	5	24	12	105.03615544644843	0.0020515691473023843	117.05112565486482				2082729.0394833612	5510446.709029246	32319232.023931302	523390.24637198297	7220483.703158027	3854013.1644933796	28233196.016611263	89072047.08226767	403679.5048403639	636126.1110630927	787208.0994002847	166800.80374358565	669957.1805610737	62265.55482760264	1142430.2084858278	3241423.618649552	1287255.5978242957	403885.3011735575	1306613.1300777888	5615080.557765556	6247112.392330716	8479359.854389042	32187657.944786936	2920653.4979178566
P00052	P00052	GENE52	MaxQuant protein 52	2	4	16	16	85.32754491987828	0.002359809416014588	96.3922094756334				71677118.37081245	5347309.229292378	2858286.0441829255	1309282.0992098537	3315682.038383235	455130.30224879645	11204985.694742136	3761445.190330979	724398.501260138	1169184.3928086816	66451.85266374685	72717363.77881095	1336988.8060650981	584467.5748633213	3434447.9862524476	1529411.8563717136	48743400.95597672	670837.9093850227	7232470.472025431	7267304.550429576	3336016.102539654	30016472.881677132	101741115.63189767	4485971.1987994425
P00053	P00053	GENE53	MaxQuant protein 53	3	23	5	12	38.447538873034965	0.007493622900641221	216.6201235093338				8593264.279385278	2943996.2702924474	34473545.306015395	3883037.2711059223	76949126.20121072	19719642.55833282	8739214.128613103	1205075.2753412642	1051964.1690789775	583709.1550812703	2312339.793613538	506543.4203442082	41260.93818216376	175381.12996451784	601032.6211865103	235098.03369891254	10219095.273020376	3623080.51754106	1202873.2163108415	15067784.983237496	14401461.52601879	5498185.447601806	1772717.8795580987	45019053.121857
P00054	P00054	GENE54	MaxQuant protein 54	1	16	5	2	108.85849963205881	0.002530382026738974	258.73181678742947				3539102.9315789263	24403369.575149283	2746927.4579251893	4780086.06277886	4275101.866227164	43993640.28054796	2410794.6396727273	7578985.4601359535	60829.44604351977	9591610.657682816	213916.31336248777	87999.12253935415	4101734.116808384	65242.176750783976	326888.7386321811	423257.8612183808	4062401.5382056376	19056683.16871241	22951266.044398293	17692501.5907569	2796686.981303972	3247179.8004499376	23332520.267022356	14659514.591166424
P00055	P00055	GENE55	MaxQuant protein 55	4	15	3	4	155.23709408022097	0.005393715335953274	139.04042403699788				6914110.848422908	4842147.487651321	22855202.264704574	8735677.242990516	1308114.3103392872	23308696.143625293	1008895.2969355121	5195879.190772555	119217.96968345103	2375787.931279115	1292473.7649954094	3472781.932525366	885486.7877559493	581381.6943106194	949879.3750605071	339738.7395276068	40317925.82332813	272665910.0425921	1880844.5437604198	139951.4364708158	3683855.737489128	3757609.0211805147	21670881.866988283	2915166.005385853
P00056	P00056	GENE56	MaxQuant protein 56	4	25	7	5	103.40326495985249	0.008318818534476805	210.4686835812585				2375766.268492912	8758238.135960609	13260541.261865042	2552713.6830502227	11418757.837451175	3278895.3277453464	500128.2489430055	4321991.037590066	1316993.3761632808	172830.97589668032	547433.5010488245	241007.20664283403	2670190.394767464	428933.1805672198	4106047.439774701	109494.4265700549	14544832.176317718	7694178.2431253875	17091107.782400414	6612216.513979962	2354569.446640177	8523737.998063913	12489415.213250771	10423624.289417686
P00057	P00057	GENE57	MaxQuant protein 57	4	29	13	18	16.64905579908487	0.008174609234417839	129.02258239858273				1291903.9682702802	1003444.1119534704	17709644.788144775	273351.59146327234	4276186.536263813	1880428.7049647374	3039363.6756995493	12549491.610934343	2517200.372167968	1879005.3874977538	2606543.330125884	41692506.43925194	127230.92990685406	159270.20260427493	14846488.088972343	511897.72656383866	7307537.533635802	2307559.2614893354	4586221.727743897	30870845.93067777	16563140.7382089	3232337.0238413154	736998.18523468	7223816.041988345
P00058	P00058	GENE58	MaxQuant protein 58	1	22	2	16	58.41423382749382	0.006714397646779394	219.65373244584362				30646186.284610417	2875676.545027425	26017121.685549367	801558.5992214432	6963917.714889503	167075027.37499815	39095990.50906707	6712360.986919235	445460.3329564867	1821893.3925969065	375715.4305648451	7780605.975434	3885034.827348122	444047.70940855605	2538767.5603850456	438835.6483967161	68071673.45056832	671812.00292239	5265492.481754619	2433306.1210821914	7355525.484060126	17569504.661891457	22178457.844882183	771609.9990584267
P00059	P00059	GENE59	MaxQuant protein 59	2	28	6	8	182.76785913841113	0.008268517770107007	177.39291900491637				49912409.350956425	5560778.888090516	4180451.576367083	21957576.988684688	12234692.853917817	50779147.58758654	3424189.344981468	3534049.7854837524	654135.5627804181	432873.8467806839	1199212.0957683127	362062.14159573306	149330.9654637087	655746.3348903661	679812.8229621296	1814686.6593787426	5849548.298285282	11915385.362130992	14158759.382516833	2892875.918569344	40217183.90611912	9061775.526502686	1267245.1264894097	18590355.59109495
P00060	P00060	GENE60	MaxQuant protein 60	4	27	3	2	141.6982746502349	0.006691522194973577	197.31026699495246				2532569.811107176	10282659.27116867	29449755.80498559	577338.2705137838	24075534.687610734	597949.0073467522	445272.0320493033	9762982.815584073	890432.7909348503	3876605.4786531343	1653750.6402158148	318593.14099481987	2081625.1845497475	660962.0587991008	563346.4881784709	8896726.348356316	3933825.490022696	9994122.285423746	7055695.991490173	3574716.2706467486	50981937.28454633	45939453.55351379	7679278.712714368	23570464.814535014
P00061	P00061	GENE61	MaxQuant protein 61	4	16	17	12	166.1579923462448	0.0023233315383491427	153.85257097790935				3505655.0411320506	5366028.868966757	14990603.439273525	2764049.7119393265	26835817.488901716	3131755.663752929	20829813.215552982	16514120.309504556	841116.6122520143	705031.7587794961	1112379.9404301113	338595.4396994278	2928941.9449129626	669750.1973448142	19597.083907454093	2591658.1933810064	5114362.6407210715	590658.5671650706	2840588.6343219974	5149275.7350933915	8484741.942324266	28936621.69185458	16007677.092905315	12480740.866917543
P00062	P00062	GENE62	MaxQuant protein 62	1	10	23	10	172.60962923691812	0.0014434318005943814	273.57883577747964				10680278.099587552	10398675.614120156	6331388.0067079915	340802.26631108066	7092096.252696734	8400103.566109704	436406.25809152646	19749621.84537781	75502.03442239978	310075.58518688753	169533.39958721452	1449391.4903553533	49145966.17878139	2529740.910852741	225088.37222531575	2059506.6702451126	47376700.093781	5246193.572936911	114072614.77671327	25804578.11740801	29250378.50783225	11181268.764942529	2126476.818121469	4569223.718301127
P00063	P00063	GENE63	MaxQuant protein 63	1	16	14	8	132.14287021360587	0.008088430737281521	221.34778256466925				940347.8585760331	6403347.955897416	16045900.203598384	14402830.023431363	149724.39615664264	1561523.7831203616	1056501.379351695	6176000.002089213	2453047.7097513922	155172.83102330912	184330.05858448657	257986.6332879897	2292460.333490694	867673.6638043134	837194.3766475131	314039.17805796216	1887887.1952193535	12888149.976743916	5992686.882758784	109696332.62979324	158854.0185486355	30899013.90874063	32501463.113181293	1556353.9473465604
P00064	P00064	GENE64	MaxQuant protein 64	4	14	22	17	15.112759475999024	0.009316673419447563	197.10585957609678				3133129.0306861303	20997721.55836561	2619291.8324905974	807032.471340628	750369.3974810983	33207340.941161707	3244573.4332486424	53199.92884112975	248150.0456566993	3262808.253095819	2859249.318629488	2203976.808506621	3538921.5193355153	58476.23953082814	1886729.2639524196	526666.3727983469	4214198.040624723	58532982.698657	20296829.416850153	4868039.021499657	15548100.884047316	22752646.450070813	5145434.015527054	18619317.81419852
P00065	P00065	GENE65	MaxQuant protein 65	1	30	10	9	163.61445806846334	0.00570949268041736	184.38284851950183				1436747.8288968087	7700733.434949154	4680285.528836303	5512183.474539729	1082900.2950309303	3166562.6469636997	420534.6392400966	41770498.4000751	2071683.6922096396	1185584.6060956507	1354285.0447550297	230751.08292902992	239419.37667839872	292683.0166759098	1892015.149534882	70574.02775596158	18550688.634780288	1239637.8751382057	3871869.357471712	5484253.206704539	4227575.038974576	1685459.1915483803	8833921.04606879	4176358.2506547202
P00066	P00066	GENE66	MaxQuant protein 66	2	30	20	5	21.510163130135474	0.007680447466931535	274.57584746649565				17119910.704222966	5233209.474769967	4665147.182167225	8600449.35101987	6514535.353098345	303447.8505513724	79422850.34669968	19742048.708210215	779560.1510196796	790042.2110842334	183832.3629237966	4026053.780252914	71749.34296731945	372328.4304013553	210659.02283183282	1043985.6938875036	15406320.944849964	9686865.566634672	2746047.9217310194	640476.4200577389	11467261.083599523	6538993.474156164	6279183.175027099	7001939.0359355165
P00067	P00067	GENE67	MaxQuant protein 67	4	20	19	3	190.1258876671943	0.0032230080800512073	120.56828170211385				19903051.928140197	13798967.930058539	16985482.33235834	1095119.7376392938	427685.70167357964	435311.29457109055	6369811.034403872	2368538.70367023	2343701.750995281	925911.258146205	6736186.186825106	756333.6535187727	19504.25219426592	15104802.635217024	891254.2042638779	1111262.724398815	1837936.394097277	2579973.40522256	19146819.622860696	1462048.828781131	10385695.374987734	10602258.266176326	12515473.083236735	308529.73285570176
P00068	P00068	GENE68	MaxQuant protein 68	2	8	14	13	102.39567129800966	0.009616937498136366	269.2533104508389				6250926.937794353	1005058.712489076	6646284.738253403	531102.9022772852	1703198.6098390142	2722006.163550916	5957051.874386166	2976052.7963648466	139346.07282008106	1189928.3158927076	538359.8927921482	309347.70255866594	917936.732341641	3581353.7623139084	1434483.8707434868	39917.58598330047	30052573.40875221	4258784.575141651	3787373.4626754276	7639437.360317937	8883079.831171185	15183226.115883885	3185701.6885805023	3758375.048895385
P00069	P00069	GENE69	MaxQuant protein 69	2	6	15	14	97.6001576771188	0.0007846239225200069	293.30873296507355				15089545.024377547	15649113.383704368	7844305.5674206065	4104412.971220055	7745287.017280406	47877331.95898214	14707111.794327702	826141.9046506276	2014385.612691374	150075.22849240171	1483198.1790946068	386210.20256907697	4259528.990181569	62708.58587481247	955601.2170762974	9469374.130764363	26010873.89740338	19264103.962422393	59279438.491196945	7973127.040130646	10870108.015006747	108318682.21302457	2752883.000306956	990717.8077345713
P00070	P00070	GENE70	MaxQuant protein 70	2	26	9	8	99.96117625735391	0.00015771942927278237	122.04912957300603				2749541.5708943773	1339309.2683719974	2202671.5962760695	12224170.040949138	7187785.681649322	1835541.3256379785	23165830.441447187	740403.9499732921	2014238.5929211632	4775276.664885791	157611.80859915324	1497711.7955020738	333276.80813378346	173517.8617341205	8573425.316080444	1694180.2827406595	9753564.041254697	46494858.65624399	166835557.11617622	34443515.59006402	15319460.088424785	9610633.436276864	13037374.21364151	11146927.476002462
P00071	P00071	GENE71	MaxQuant protein 71	1	2	17	17	68.51666663716378	0.008035236295206085	110.65993198289578				20496971.80382187	904537.0675084129	1890608.2925648915	519988.15015037917	27489799.290059384	21354485.352447584	2987758.1862063813	6971232.135645607	5732316.44482968	1515370.5361107367	755795.6973839013	2026660.1612956335	1365899.5284875464	547053.0554099669	290760.09507170354	853620.766216716	4503375.153972181	10493591.278194103	14544982.235325063	50431521.88525651	14233881.284144444	1472132.9708319462	2144652.910401533	8939159.068802807
P00072	P00072	GENE72	MaxQuant protein 72	4	5	20	20	90.01729746178609	0.004892205561764209	279.7615152169083				12586259.010729456	130170493.80258194	1503273.3767971143	1062540.315747399	7546813.91912345	2715256.617895995	992281.6031034181	255583.1073954695	264895.5135433442	1454958.250749747	75840.65844971729	4104132.9940330563	111169.14840709943	279149.5591501547	288015.6376571339	451256.1528310458	33219383.216241717	770334.6228199314	31942056.129600096	13248739.575032594	2078264.8704924032	2372215.310658043	12642580.720222933	1254319.3887242284
P00073	P00073	GENE73	MaxQuant protein 73	4	25	23	15	33.23559400342849	0.003687322391991118	204.27957039130715				253040.16911404126	6337434.132277738	169697.07629970828	760303.7276310258	5787176.89732705	2819360.584080891	11502292.00994341	5071195.195885141	619188.5550189468	1546517.721785624	650507.1040598382	14727237.80998718	690962.8730042304	1927646.0725923607	1369989.7689678113	139975.46564380472	1113304.7938268536	1125780.063205534	7445632.220344101	12238260.338978406	7465531.653944544	9458992.80370419	376173.9696877024	1640456.2145080755
P00074	P00074	GENE74	MaxQuant protein 74	3	22	6	5	96.25532940452284	0.0027395593789444174	192.92895339159872				1208772.0232579096	17186145.40906961	2673603.434883626	538796.2227856623	1069185.3539473393	2184424.6601874554	2419271.6199635877	1567379.9640195146	633509.0108564207	1589390.7685693316	854460.8851475111	307011.6798907159	853714.944905471	1526140.8993411064	274756.5849464553	927457.3928987205	3517377.255064729	762886.6987112525	7065663.185879896	3337466.8837480163	4032286.4551332444	695769351.9285834	16667027.618701324	20485016.05443624
P00075	P00075	GENE75	MaxQuant protein 75	1	14	2	19	15.471952126311262	0.009102541026455758	92.41546232785315				2376631.1129481	500402.4918382774	25954227.28427233	70260801.70588669	15346434.387436884	16801838.568824213	36626501.369837314	17243370.33532578	1892414.5418410525	347832.7159032675	511479.228251866	675360.1629317217	94267.13558296561	628770.8147781801	1190189.0929082069	5562130.958003162	4074574.470527851	46162765.83365077	5144259.278175299	6335948.230010149	4136693.678447023	1695433.2139485427	1821669.8459100004	25595418.30807332
P00076	P00076	GENE76	MaxQuant protein 76	3	17	23	18	27.253475345187155	0.005650450410944336	244.44457379147				6634345.0088739535	2222081.900934354	12627221.092900684	11757661.403288843	3117958.2553952015	3621275.251450776	3330228.603733071	17733914.25511836	3554388.3084940007	604333.511860005	2737749.9712031335	2561578.3041784605	15601477.414534582	25476046.79887528	4931054.697835536	2522602.645373758	1887077.6575795088	4628575.2327203965	40716350.15198865	42531317.356628224	2462116.81041639	6302369.389984663	1195893.8743556116	3604017.64116759
P00077	P00077	GENE77	MaxQuant protein 77	4	15	4	14	121.95946788821884	0.0017683177417756324	95.77282689511387				16723892.61297628	3795587.379464504	39439574.56806533	36003633.99051924	69587508.51209146	2343199.1984934667	13372958.933282627	804269.0020312046	9218021.408794548	259193.9555420026	270029.8106686609	161853.23491859282	682493.6809166602	702858.3833875905	649187.7472130249	1316843.7978826396	91627946.20633988	146026285.49698848	29543098.64481134	29169822.22460764	5169636.33751447	5972144.562901031	7370730.300020067	9151826.117903562
P00078	P00078	GENE78	MaxQuant protein 78	3	11	11	10	183.03909562373454	0.0015613583351455074	62.66073334731627				561435.2720655085	7156196.260656215	8672072.399824157	3245649.93535372	252354.1355184328	142342082.8511199	8382140.537259034	5749566.797911111	781424.9590815116	11326315.968899969	415562.88281317166	3997746.856296452	479412.1847283232	5085536.40474557	1669017.2242395063	6115803.563638354	2297633.75623037	24027166.95017811	1919250.273444	21922965.636204075	20240521.440453865	9981299.345313866	10203925.748776823	3106653.608849664
P00079	P00079	GENE79	MaxQuant protein 79	2	13	25	18	123.04834736382986	0.004683696516876874	188.03016413882588				12744579.445548058	159062778.2408479	5850762.974509707	795476.5588985246	11452734.168486664	3001976.023429265	22132182.99245558	6400447.47314626	2713664.123901935	1798912.8330627207	131653.40955302637	286955.932371987	14529899.600493636	16520461.646787707	2327650.6324176686	1570789.6822353231	31655816.185390536	4212549.285527221	65257121.96852162	17646775.682676148	2464188.6447922247	9024975.519092284	73143896.11269172	4682439.149969753
P00080	P00080	GENE80	MaxQuant protein 80	4	26	11	10	175.94876543945952	0.0018387455167511691	77.57590731615633				1614575.3663850178	3703093.7907894817	333392.429753138	815952.7092700006	84495069.92149965	9336414.022500169	13898487.54843936	4909935.442783619	2832051.9944734266	207749.65404604864	2022883.1516371737	121690.17345270704	1011957.9325928403	1142404.4229751136	227432.04188793153	4058611.6979271895	16599724.409837151	8032598.130618728	7632911.411271908	148419.37899242144	3599963.6949581522	25222075.10608674	2753707.2289876426	5832499.88186393
P00081	P00081	GENE81	MaxQuant protein 81	3	5	6	13	167.4714224319284	0.004556127487544977	86.35715206558434				3160917.662264413	476132.016832201	1811563.272665433	1605512.75442394	47498801.58244836	22221268.878525745	2346725.5848795148	9086624.579751756	242035.8886804397	3569890.039351819	3578156.6634774334	2888939.520018252	1106115.7052920086	2646626.9540574597	19592103.01201121	675658.2018635799	1392285.160352917	17413237.335058317	2181095.977324535	31696537.582677815	9908672.421104873	1036693.4073921987	2420793.3272813605	868932.217381227
P00082	P00082	GENE82	MaxQuant protein 82	1	27	10	10	132.8936904940978	0.009296267130223091	202.65063527271667				862658.1712625097	12741935.051018452	632413.6670831427	1438866.0129414904	7368761.711645302	1122200.9870574432	25533946.494841747	1063001.9873968042	759781.4198863546	708186.159326738	49686.43692806074	2132951.668733736	960316.3234457275	727334.8452443182	302014.80461295537	1566012.095193193	10075090.78545409	451894.45100283757	6397256.56424151	11330174.113613386	4219116.026379849	16303462.699052824	25042315.952406224	8506185.517532382
P00083	P00083	GENE83	MaxQuant protein 83	4	20	3	14	12.036755308576348	0.002201321713243264	238.9788754919673				2379621.5637396	5501393.48617841	2091588.360965223	2318726.724784311	3080619.1414019563	3697609.543674909	11791201.623125792	1886194.6129437457	755656.5800095805	3072892.8596025873	153044.84217663188	758889.2775580512	520794.8721449711	1900040.407019085	26418904.77547076	247008.78828640285	4564802.896984224	4759173.892726092	5844634.842935303	12992080.082176441	334456.7927764826	1935931.4024988415	4594379.973336761	33884657.18492826
P00084	P00084	GENE84	MaxQuant protein 84	3	7	24	12	72.04805144993338	0.00454687543721071	269.97741632516943				127257.00003239857	1253250.1063112451	946911.5233341154	8842708.187769765	193937.15269261572	2567606.9628015137	458736.20917941845	1336572.030719572	898039.8781362367	16431955.560198234	66492.40687706559	3152334.6920689563	18451747.710985366	1470755.3422229814	3078900.6613292126	3868592.993377229	1598964.9213304624	6773702.050942876	9326295.150336046	3932722.783248551	6924500.343150475	29517928.9426345	22308240.65496658	2548425.039732081
P00085	P00085	GENE85	MaxQuant protein 85	3	27	9	17	20.420565613253743	0.006666533574336628	119.746754820898				45810720.599661194	124602.572415975	3965253.9961547516	354474.7261328706	6194175.723886565	2766248.1846447554	7466446.600304219	2132911.3619684405	452770.8648683679	1277037.473238091	791626.0880583543	617714.7600243227	3019112.4656283366	1779564.3381328564	3158919.995002102	326008.90873261105	7712563.395029816	526966.4539660803	5168768.493673403	15624884.162426244	13440685.442903915	3419215.454011698	3668886.8743319185	5428475.034847611
P00086	P00086	GENE86	MaxQuant protein 86	3	7	24	17	70.8520273097181	0.004500416562079458	211.42952245414622				660961.7341991506	2443276.825691867	5688762.552293521	3847535.304248864	8289310.881153855	11604861.292955514	383950.13328095543	3426319.681835518	1226516.6733952216	1821251.6985429532	310929.3418351411	1125609.2382268996	1292464.5120985769	4629719.08040711	8895869.163014028	2358997.649286941	2429635.416399936	9937938.399434237	4461058.8058625655	2787126.6766760787	15066351.047133744	26107429.8458368	15616088.635779886	24336227.678945467
P00087	P00087	GENE87	MaxQuant protein 87	4	12	20	15	126.77830147453325	0.0008558405232632605	138.1463911674826				14850822.140399136	6346709.436017897	263784.7659669184	15471064.995911092	1894359.494440008	306057.3239294376	24324465.759957563	11185116.891232742	56910.30843863023	2260481.899639416	1049823.9590519313	81950.45656973706	205983.32753185832	884656.0344201601	1254721.420858506	521505.68544926343	1730060.4116246703	838705.2269030304	1748614.611251909	26941789.408296186	882968.0533477848	3242300.0630338797	1680318.437680452	6463774.502265724
P00088	P00088	GENE88	MaxQuant protein 88	2	2	6	6	46.02527701520299	0.00011959498227255394	262.24224682993633				1771785.4520707014	483580.84952785086	12691301.36267864	4123619.234303107	1301749.5255651877	60903976.26809872	1249564.1314662772	1199225.613740351	928093.4415715779	4185298.930235245	777075.4212920874	123644.83478926923	928792.3504426247	1350738.9448516418	10115726.029315637	1365346.6060065187	673366.656287185	3919230.319930126	16239276.846421275	55044897.785050735	85194900.64803244	13314827.245788146	30487206.28922979	3210371.191522033
P00089	P00089	GENE89	MaxQuant protein 89	4	9	13	15	148.33866245000243	0.00018811526069402508	286.53380830316945				2042026.3694410862	2066792.8832774344	6504898.1941505615	1711112.0831936768	4496071.376897193	450583.94015033904	4397923.801691121	26573867.927297212	188817.7678327122	1436392.7107294232	97169.84547255679	2285716.449313238	549242.9557177831	4491898.372174223	46275646.09187381	660913.8456538033	8223622.034802602	9005480.780087395	14820501.121266846	2682104.4806692316	272230.69239889836	1499989.3012127525	8019296.770115559	2197610.7398541225
P00090	P00090	GENE90	MaxQuant protein 90	1	24	3	17	164.5129611752588	0.004859635054205796	102.05724600938969				350528.25442220876	4419932.591655302	14236852.37139893	2433706.289117157	9762342.304801442	699538.5816614458	736489.2622552537	47837660.27808944	1585939.9281838902	144864.03419703842	354466.4259779089	9739023.97539649	1337065.9693055183	1406061.532123823	391804.1061645545	5210317.473336058	1889359.5497263668	112742.8273883361	4807855.130674184	2211788.562620068	22923524.101312567	16685219.798490437	869108.0426750901	100105100.1670808
P00091	P00091	GENE91	MaxQuant protein 91	4	19	22	4	199.12213639372192	0.00896248224378722	212.30153025013374				610127.2519329895	8406507.940046845	3201134.456513254	24900259.74874476	32059523.39426506	2745654.466236016	1562573.6618175362	10178201.935971089	34645.052121715744	2714712.2208921732	25737440.48659788	15425870.44635019	2188646.541579094	8001363.529181113	1118286.8404778154	6055629.64498823	15509857.942355093	59662370.296632856	6782015.573565594	3430008.78612705	12385391.476695454	956337.3220972203	4097981.3082377394	9213250.664866008
P00092	P00092	GENE92	MaxQuant protein 92	2	24	23	2	101.83278148428722	0.008452462685709304	51.15415304617048				15366180.124098098	3157831.1061533797	2839760.51912656	693067.0413301629	2096326.2512898194	3201125.2195819216	6301243.125122066	13161903.52381601	10668.629310572183	827724.7302715433	272004.1141891331	778991.4297139806	7009237.889830478	264307.97157776105	492354.0902704215	1294436.1386230036	7285311.3809984755	1355551.5630991245	1101422.2328158931	39904560.64620238	41168419.23422619	2571456.7746463255	3063418.0272625987	12882086.96013486
P00093	P00093	GENE93	MaxQuant protein 93	2	20	12	9	122.7811989472623	0.002692090263413821	167.82705078656892				2762751.8551953086	1028494.3326466078	2632552.096710787	480937.7247314885	13988112.828029202	3350923.18787667	6066297.544612154	1305179.6832959403	1820437.3165912721	420190.8674578095	800476.1917212841	514691.1630241233	1439039.0673436988	356902.1893025533	986988.7681519149	995564.2824922464	2511688.7465394125	24821482.059322555	11491677.173440361	398553.51130950905	24275942.469116554	4654807.228201806	6973165.014514406	2183409.6354700536
P00094	P00094	GENE94	MaxQuant protein 94	1	14	11	5	183.66112494270627	0.0039538643687562795	141.01542030870218				2878858.7453576587	22046892.220143195	189264.91543706207	1304104.4262173711	12230944.244260713	2795597.249311841	383385.9740385435	1812171.4680867742	1964285.9631749499	15531437.417104766	6789116.703505758	1011851.2433251438	781802.6125321096	232456.1426886255	1173905.623890292	634522.4469973748	6024774.494956719	2975054.8654670883	7466502.008238656	70229235.8968557	1912599.580414059	10946399.075918496	13606066.665713705	7090386.588561884
P00095	P00095	GENE95	MaxQuant protein 95	1	29	18	10	54.57097302398256	0.004093402219386278	174.18063960598832				4134650.375308782	3124323.4534981926	10179230.849377751	21449833.972308632	816490.3688680686	1923541.7464854247	11110298.528675526	7475863.738062742	1876517.9143189513	7912469.613201881	2520672.9134654948	206594.10186334315	1207251.8764545084	9635563.711508086	349793.9378067471	1238484.1720419123	2716020.8603000776	21108696.78809052	2025746.5177296943	2529768.891210039	27347305.878546823	8446314.820643015	10708116.596744632	2057653.489850703
P00096	P00096	GENE96	MaxQuant protein 96	4	29	7	19	102.85632663136815	0.003957208753393083	218.27235949613166				12699872.768783648	5053845.477230148	530314.1505788664	663456.4872058032	13586987.342877625	1228994.8771643818	1133201.1102784446	909975.3300523707	804475.3040194653	274556.7579867684	2403773.6970504085	1075959.8843433296	343417.37414787116	1211552.1716144604	2279289.898419977	4747695.131160285	5110908.717956104	22692846.21327791	10101516.993109463	21718268.324260015	5207638.678544273	3769165.8741475954	36335957.58656262	6789223.394767447
P00097	P00097	GENE97	MaxQuant protein 97	2	26	2	18	39.33706508918608	0.009740682982716279	131.931197847035				9444084.361703325	3478600.2666469165	622177.423371853	7994824.4446798125	2751378.416623045	4198126.895079541	4377021.733685599	10052595.575108508	176306.77341217548	67821.40590045833	3876514.7884860043	467151.41267761315	656318.6140709139	909793.8688520045	219269.48253761305	1929053.7367062988	4333600.840407375	1641481.4168472786	53912188.40630252	4916732.81327554	17404038.703966375	7728528.199391831	19306488.39814056	6868825.35383402
P00098	P00098	GENE98	MaxQuant protein 98	2	5	7	4	89.51311240732437	0.000779255542956595	171.35130943392676				31839853.107668996	589375.4198324933	3982399.4925834783	31497249.34920043	146719182.8232827	20672416.90434533	2426126.866780011	3032396.25578132	3997238.951128052	527981.6729070003	1053351.042220214	325794.24252320273	348252.5101871628	214686.6823612407	122305.77372517045	1818616.3488273039	51748627.13938463	27814090.804778297	5277460.885740506	13657236.93115693	7205648.905009252	11920858.51380166	2720626.558662562	25752789.454667073
P00099	P00099	GENE99	MaxQuant protein 99	2	17	25	17	24.938305911534744	0.003021337597589391	160.9908237503205				12660365.466789607	3095715.2055081404	3395194.1751887724	11912462.853865772	1019561.9767847371	79326148.7739116	3068585.842796343	16351351.999573173	34634735.87709047	735387.4527977902	4411754.932747522	1127080.5117715872	118344.88570303204	329895.89993933064	2566626.074467146	2658773.8179261344	221319098.48815653	1373968.759096072	223028994.4616959	16074493.546744844	8784113.440509148	33637649.52248902	26885217.969078675	17561515.901440613
P00100	P00100	GENE100	MaxQuant protein 100	2	28	8	15	67.33395859033354	0.0008249369521305805	116.90977750705854				7335790.376396692	11477565.393571492	6241352.500097089	3033217.987694507	4029401.818193248	7281774.477830773	1654251.1861916536	2539147.302222224	152061.06058567791	1232320.9438368706	277853.9417580404	80565.83009838442	12514.444240319563	483656.769583608	2010407.107509607	1144303.0427196613	5313394.86673297	12378420.584629275	14792507.466821741	54452845.94396802	15781504.098204939	2377975.914506781	24621957.99266654	312689685.44279385
P00101	P00101	GENE101	MaxQuant protein 101	2	13	20	15	71.3600512670098	0.007075462291635254	221.6051875600454				4322734.997832772	1057109.5640630522	3391870.376901217	6765981.403607771	5154370.184103002	16126745.832910286	3048600.899522865	1518587.4460698678	247900.72455736288	5735926.317835628	1698825.7076445932	24377.92212007835	2755766.8800201216	238606.29912410516	2013553.6317048632	450355.0466623191	5524742.836921427	49348206.9037449	10147788.874172691	39635998.27619509	7050686.723228034	8499973.212638646	5271089.546777369	1726065.551464682
P00102	P00102	GENE102	MaxQuant protein 102	3	28	9	6	124.49806600417007	0.0051076124726199025	164.03657262151353				51223287.62318809	791188.4324441521	1625356.7629685015	4571456.953942568	4760674.858690408	448510.06492030475	3266040.8860425944	23894647.140511353	415079.06168067775	741828.5030152946	10057065.502482254	1036471.7304534932	300255.12979569146	2818110.028221793	1745930.8167223288	6088450.36129821	10930727.294423088	1920321.0931213356	18453365.0319196	5859737.003399343	11174718.788128734	157775204.9103892	5446107.187881451	8299684.091472397
P00103	P00103	GENE103	MaxQuant protein 103	2	21	7	2	16.893627139342005	0.006043958692293063	155.32448462302358				8482346.272810962	780717.9821025918	1942055.579574335	2532861.721593812	10842580.787423052	8036375.171643904	17317704.286415704	2678591.155926551	6552182.617834823	696123.5976827813	159713.47744417784	1901933.5586976912	1378044.167203736	1539402.9787231684	407415.72613833647	67520.62301318004	21210154.056577493	19261988.599584963	10038260.57249146	4011978.663326708	392833.4385460823	1584113.239512041	5831954.991335485	3541410.33974014
P00104	P00104	GENE104	MaxQuant protein 104	2	6	23	4	26.497175123259176	0.007337760995940409	198.96984299479521				647880.3886171271	3806528.9499453763	3280949.6035118727	271502.19032670977	3156087.733332398	1880023.3172889194	486180.63250971294	2416222.408400907	3536405.8536749305	620833.5432277144	6925131.637787169	4240963.3452096535	1932263.1062338448	221470.5082989983	908864.2575250604	7542450.929221201	33212441.113757893	12684937.141183274	3855520.128976068	43229734.25815617	28552006.719761297	22856216.845764987	35083813.94404843	59692248.93986774
P00105	P00105	GENE105	MaxQuant protein 105	3	14	6	4	148.88194958812693	0.005933486486468388	190.71459373542137				3974867.5996152395	69209828.73164892	2143548.3308125413	1944240.6204150228	4490250.484146228	3398410.352870928	3063218.1240081755	40717839.44051722	2304918.302411276	159173.7404676291	311897.2441824951	3397161.0445650574	451212.5729561453	928524.9026440028	74143.70084497974	3992496.4727515453	1941060.698897803	1281144.328879737	79828179.57922004	20400235.260952786	34635578.37486683	11694716.280474834	4502628.590950374	30048281.91460919
P00106	P00106	GENE106	MaxQuant protein 106	3	15	19	6	26.688124308143692	0.008879799264683429	130.50164667029503				16127465.529950673	23227697.146535218	258217.2128393898	3914865.6557653123	1017162.7253299017	9225460.959573122	5480722.584229262	5482415.616235377	381984.3408516651	2400083.319938615	4018161.5682645496	782924.1247754591	116331.67910091307	178579.47155277643	462997.57439237967	2349485.323645117	18595083.06966425	9264572.004291566	1085463.5355035062	4283695.789201284	1777653.2200116836	844585.3826172622	39528566.867494054	27439050.02656269
P00107	P00107	GENE107	MaxQuant protein 107	1	27	5	6	161.67106030035674	0.007381566873443763	177.64817058162777				3591376.5524799717	10421860.228537975	165922.893079036	4357205.367305581	85916039.27722563	9128326.518659651	6650905.220057069	2843194.785983494	4568258.007694771	1377433.040204591	5089323.417281096	3812429.8490297454	720843.2333826649	9442222.679052133	1819614.9279725316	1073195.6458483688	39584994.21576025	91410618.88922052	15285503.566251628	111340378.8792454	1391713.2622699281	11766102.948491424	15903294.10780153	2448821.4449512744
P00108	P00108	GENE108	MaxQuant protein 108	3	14	18	8	30.586679218177917	0.007456152752313717	153.48404178978413				6244376.664145676	1588478.4130947127	340033.29907214217	18317138.44336002	13994544.776683269	65174794.611651875	13171187.099250544	9156616.703012997	329039.8170952853	110525.05386508316	172240.66145761393	127768.38578935174	1607743.9125718114	410850.6023531639	373508.0844286057	493508.0597894268	13115254.628027529	33006727.8779436	35115842.65764535	5549329.433274981	1327133.2280011391	28343243.19166346	2008698.6726856257	6338878.695465146
P00109	P00109	GENE109	MaxQuant protein 109	3	18	16	7	10.337684409249775	0.002357080672188988	155.595667805729				18758154.92508029	9052519.695360959	11344273.287901383	3089250.26970696	158701055.74093857	8851849.98727457	20802669.97259775	297507.75628301356	541387.6924455984	1050775.4257752774	3702684.6919341474	1087027.7203127288	570724.6172804462	776245.4236286425	128569.92262286197	4012423.4693637756	1153911.2054564157	9989580.945204483	15059499.57495841	4042529.1363822115	70908139.21810251	80858761.72819617	5544886.143068677	11090612.850691589
P00110	P00110	GENE110	MaxQuant protein 110	4	14	18	12	164.55025271559649	0.009184312763284005	50.387833960319746				11767960.344817758	12161217.884849144	10389063.060941607	7477083.107477058	2333879.7142806295	1354008.4003455078	3588097.9960806337	31861529.119682197	18327556.546642024	2202406.573351324	209052.9211269706	2640133.5140636754	1104755.1103304774	170872.32573351258	2287518.409120505	1347565.6134371187	8444699.635125788	26159810.418397147	3164029.328365007	228571.71172713928	8720682.424130123	22782531.447400987	51786986.03232908	79435177.60066953
P00111	P00111	GENE111	MaxQuant protein 111	3	27	14	13	157.65146614451672	0.007592863113905806	191.81957931334745				1403162.2467805322	4602943.566254445	37255992.83230491	3072255.4498690474	2698238.8113281443	29479620.547777686	2195995.7581226826	866514.6537300599	2452852.313570738	1227167.328965384	773959.3475902672	473889.0956578938	1579083.9501413775	4506716.181824945	1177359.635205979	6513335.798526103	712057.0859438124	173368529.60016096	464241.8467239982	90554524.40823157	2910228.6499810247	13938394.701786753	45879476.22794339	113151857.47630736
P00112	P00112	GENE112	MaxQuant protein 112	1	20	18	8	64.69185947042882	0.0010744878219266219	166.2341023855601				1096085.542844587	9647835.711245863	29923914.939120207	3886053.8189749336	3601558.1384948916	21776505.124357466	151199.46952891868	410008.8496745283	391859.1104275562	5589252.124630905	88565.75584488056	970008.3570932088	1098154.562260698	1577883.7809162573	146727.75619373145	3983394.925865187	4442054.394938424	5588780.851391861	629600.5344764214	3226952.9520350536	6629044.011519688	15487256.674059818	22166113.860100158	17789869.99223819
P00113	P00113	GENE113	MaxQuant protein 113	2	11	18	20	68.4138621261989	0.007913549787984019	275.7527713058376				14897029.372526623	2024402.72579112	3414087.180234712	13511755.454874272	2034492.3319076647	1872036.9231852717	5125182.434316467	8021038.772483342	622714.8860327156	299527.3972584147	478144.7370996062	1452639.7372471318	21491686.56159921	12866511.95566803	66026.66458023326	374146.99229719304	1531224.5413024237	141198092.60201043	6056148.518004433	14909048.736184563	1083586.7002624704	1674112.3642981972	212126115.753129	4636276.213929272
P00114	P00114	GENE114	MaxQuant protein 114	1	3	21	19	169.37326845833468	0.006577010846599684	136.04222028221744				4651536.509759835	9125962.56201947	13405997.17847657	2731474.420591891	2567439.1314103147	334518.99827426195	83837524.78931677	2482165.3439010354	4341461.026994144	1602323.7738375876	344294.1785497741	1247403.703291797	5293717.389419575	428915.8482657158	33914.77986518606	1648932.293879293	1846738.6099519092	4582520.834634669	98990712.7241106	2661074.9237470096	3554255.715627195	6657818.822227306	2728996.618454779	37278433.72525777
P00115	P00115	GENE115	MaxQuant protein 115	3	27	7	13	74.67173875491928	0.008616564246471715	152.9573009971663				2931917.098771441	1266700.947927571	2199937.604782097	1483167.2294245306	11740572.509678695	3378137.624960572	274778.9993038707	1435251.4581964687	395900.3104137126	1477724.8163878322	188227.87054415038	1771670.251417233	1674523.400625302	2113862.2007694603	288438.63572731015	4813836.823439904	10661213.022412969	14329995.819098184	13375073.751081923	2075456.8287573876	1587331.164056004	12236960.782935806	4532722.850729818	1839933.987310508
P00116	P00116	GENE116	MaxQuant protein 116	3	24	10	20	66.19210772060067	0.00781242549475378	210.68560944547977				5380741.952714748	3293177.8876614664	1340136.1372694592	7966653.101356401	2275558.394697342	17757246.70756115	4185450.0947301146	3296383.404293273	1505135.7754978174	2130133.900793519	2470705.0090015307	1900040.6037206927	314654.62908108294	2629827.224944268	471566.91873675113	400230.46309782413	646112.4697166234	7294668.8603424765	1538995.3903264473	10187857.842939738	27621955.12582898	2583004.707501565	30629701.38549228	5743018.252804926
P00117	P00117	GENE117	MaxQuant protein 117	2	4	10	20	128.73723652969522	0.0014696203773137961	236.00766731009418				1313320.920549202	18106358.466094635	2924523.5407785354	784472.090179833	2196789.4497526996	1773861.4342735729	192094973.20267645	2788299.234506931	1045184.012868785	191398.256308989	283147.2497768174	1278352.8561819831	784255.5326051874	243750.11541149823	1552186.6398203883	223171.97884185778	6351703.8554742215	5839290.578895218	4471267.524635664	39119544.236020945	478197.3660523517	1827895.5927919447	5023296.97822994	12299694.405495007
P00118	P00118	GENE118	MaxQuant protein 118	3	18	13	12	173.22758726327748	0.008397773867044264	133.06693514387368				801534.4735332184	5494527.360508931	17032489.917580854	589072.2810498946	8440107.105241248	100493.55805790951	863591.3371476277	9891249.222932592	4127394.477463007	197345.06134792828	7188840.146610583	7719767.194066302	2590450.3786460995	1595749.52807918	346318.5567195321	1500924.4605376467	5110433.335779184	9811525.426412487	68600213.64878678	7406156.189234445	21633774.61897754	4147038.987296846	347968.16915420396	13391600.597871212
P00119	P00119	GENE119	MaxQuant protein 119	3	20	3	10	11.381357265986217	0.000343377845043128	276.626282703482				292457.0866914073	468904.4386882082	361786.79094013793	13601882.608784767	1120454.0020335459	5223115.424732826	3467220.1889107083	965031.8425450874	581207.3892003477	5566179.9313672	874626.8302600672	939378.1111863381	784995.1727731805	342100.10857796326	5831346.430375366	75958.3496138551	15361659.919581922	14316948.318848925	1079501.6866951743	19725778.99733882	13109269.476162989	28266094.364917785	89809099.48062943	12918763.40819567
P00120	P00120	GENE120	MaxQuant protein 120	1	9	19	10	101.18991809933773	0.003987548787782679	177.18935695642608				1991806.7277689928	9950224.93065055	9281058.25461735	16752847.34287635	1715984.9181002863	3914553.4098503557	802424.7529257016	6200016.336201583	888238.8578438476	4508443.286980254	734558.7444043261	633311.9784591328	29604.421191830075	7680215.405216225	1828297.78434925	6295508.461885752	1455513.8222954788	38692235.18458285	1636417.0058602341	3462677.2393960604	33291155.89800444	26688057.179844316	968765.6603932295	8416778.139462033
P00121	P00121	GENE121	MaxQuant protein 121	1	9	6	2	91.51438365030505	0.004078611824863216	177.41591640938887				801969.6278005443	4044261.2549956986	2485202.918700076	2314874.0622359584	1001129.0185925226	5053782.839598346	3962486.432489384	8116859.089119529	985496.2239505593	298947.44311094424	1050585.8175722437	1098007.470260653	2392177.023435156	3662668.77378117	131723.30576061705	1000798.7059156551	29448124.950829126	10565166.98198165	4202235.383256554	63195532.081622064	184518583.6058002	129052162.09882556	78452306.74595119	1743441.9397618019
P00122	P00122	GENE122	MaxQuant protein 122	2	2	23	16	77.17075958764904	0.0053834147193088855	276.4937618409272				1016520.880894389	803072.872894582	51764188.418376185	4809685.705937067	3682292.4553417293	2914124.052953883	32115666.61321768	9249979.85625435	332631.2486500288	680354.5853010586	5146250.585300051	445668.55072170804	909453.640009996	36994.419065857386	1758784.3920180583	1201659.1286596663	1418299.7109823718	3776806.331246362	12408613.189204317	2870893.759363093	5116364.964770009	2852655.225598639	1643478.3466169285	2953062.6505518183
P00123	P00123	GENE123	MaxQuant protein 123	4	14	18	6	168.93862861384483	0.0066702823001995116	51.46032040621036				744598.4814690013	3541000.6052824636	2426243.266564293	3874425.094434427	10983820.730391935	7114316.545517171	2944646.2274490115	18794905.98608588	1231672.2307439987	1950567.3804378302	1981618.12273688	917364.2556793746	6163207.265244103	4406886.010150164	1525103.9874244644	478114.458988412	13743794.251923556	1538418.426013984	31483008.98189213	6209475.490526806	1928348.232962422	1160696.2331239302	68410230.30363566	10712342.096181203
P00124	P00124	GENE124	MaxQuant protein 124	2	15	4	11	15.568517946878567	0.009841194330247926	234.99399710351005				354942.19990024786	10318845.436601527	15318669.075610828	2473980.5782850375	1470738.191029692	936881.8109403967	762379.0317064523	1049696.8210555285	173410.706916245	7750364.31100499	3271092.658105778	27936.066577666763	3202435.5509856865	534385.6485416015	5493761.885273786	199289.77287358782	2365216.0971272388	6000610.206657004	4674678.197208362	629365.2869177102	4017905.352062343	1848134.9354401503	12324510.535838494	18942204.18201742
P00125	P00125	GENE125	MaxQuant protein 125	4	18	6	14	112.73202546660804	0.009724948225680348	88.14711719984746				9950114.891085269	6252518.28981044	388993.2054190526	6351158.054479927	178128.26765206023	3317413.730223537	1025360.0758684195	692220.3299744237	5331565.317662093	1227100.2470915546	74495.834402659	1028806.0207080484	399373.0686495624	2917415.9731112835	109243.85635483403	148839.23988305882	17893493.62968898	5533038.940570456	3544527.3581273905	26265680.909684613	5037906.020029917	1147091.6593475493	11662566.986879379	7109021.913042387
P00126	P00126	GENE126	MaxQuant protein 126	2	26	9	18	184.71668357352948	0.0029627412242908303	140.2394046712029				1077785.3494995525	165819.26225473973	1739334.0200498288	12700668.44719417	6955539.416170496	7838028.171174922	303828.9362995664	2068528.4719570184	9061268.41320717	632393.3067725449	1533292.5047638842	662490.4625611736	343797.6577158473	3805180.8362048496	6281695.389728301	2478669.9866777277	6681600.293779114	1115359.616084436	32988120.45686791	13544466.463336436	59839475.147440605	17939229.241110757	3748005.4364976822	14401545.879416239
P00127	P00127	GENE127	MaxQuant protein 127	4	10	14	16	190.98853469658954	0.004502139506351889	96.99199273057944				3459645.4399078367	4639606.41631164	114902.8485820846	1118108.375361484	297525.8821977282	3895364.5657804077	1575372.79638	6857574.991503059	2919958.432813032	80777.06010809219	120500.44217112518	1168451.9790651654	1253269.612481488	415084.32338125183	254322.06474559024	1609367.0758511284	4865831.799000538	88031146.4733031	21659069.14698076	10233825.46313868	2051650.2970477014	13228332.042608898	6223212.110946447	10954381.953816617
P00128	P00128	GENE128	MaxQuant protein 128	3	7	20	4	127.63652555355405	0.0027110323547222394	279.7473579784546				6281780.423167367	17921837.249019265	1675565.5310744033	5091540.070668562	4281599.862092994	4480901.189154742	13684038.419710994	1506846.1793597196	809135.0236998803	4448594.120773901	428394.01333160035	407142.580048974	5573745.13807818	4313145.140229699	75739.27453808111	14524946.70382096	8524997.223718585	5229620.191906986	64451629.61653377	8910826.312023804	18751097.778410558	2044834.6442943597	47463616.06438583	7882103.6161835035
P00129	P00129	GENE129	MaxQuant protein 129	1	13	11	20	89.98837805663271	0.009398559052546438	81.74276979953893				22826037.807724643	17072395.548571758	63184039.89499658	5698558.528306394	17360295.078388214	2198111.11290614	1964403.3923462308	7222990.220069754	1395396.3736893144	42027970.48414609	213484.04286097907	574093.8262211519	8362798.200365463	425875.8274235741	489347.89644731116	19977232.523428448	210344.37226284615	24246078.43952039	3769084.5406360356	1973193.344352721	1829715.231303617	77963529.80551882	117344613.62682486	52015043.12834572
P00130	P00130	GENE130	MaxQuant protein 130	2	27	19	7	184.832393126096	0.00969528801484512	91.89590108089239				20488756.580268428	3986154.804210886	4304401.589802494	76354820.85665755	12204389.189580126	4687636.75553186	7656058.65301071	942831.3545122616	665402.3634310621	484177.2514900863	6699873.628261724	6624987.636720682	693223.8706293061	379012.1741805458	8416457.744800963	13952398.244365782	76835945.199739	1498771.1665663368	3907475.9981996813	16118484.620781038	12059620.224375524	1603267.4882650808	7597778.72142363	4157962.617324229
P00131	P00131	GENE131	MaxQuant protein 131	4	15	21	12	27.883884545438253	0.004681761579409377	192.3998445120358				418780.7974566893	1680825.3930195002	9827112.07417755	6027028.852677808	5823026.548331636	352759.59847788996	2483398.675944184	8199097.537615429	3035676.355688518	313631.75164213823	406244.18491452123	250145.6746276329	153317.31053505425	577446.2777377003	545371.9194076434	165833.0390586852	61278860.010363795	3318204.678604942	5994359.390092555	17247938.08834793	3534761.1306807813	36344809.650908954	26951041.257140778	14960223.795851804
P00132	P00132	GENE132	MaxQuant protein 132	1	5	8	3	39.627413919855044	0.005228716035006562	296.3396578257782				4522756.916107159	8204685.018808505	1117384.7176365787	6611232.1530730035	6232751.993171051	5207848.51346145	2332869.0819704654	9816202.677792903	95957.6708719826	10096706.26839528	264669.3074762578	3252418.999315465	384021.4355526458	2594117.6038870504	686671.0641543664	1256796.9131373628	3918800.965362402	9653266.12427587	108228941.05925196	6755189.605979707	6460675.338667801	2046108.8284418723	28660635.505208097	15494862.69860495
P00133	P00133	GENE133	MaxQuant protein 133	1	26	11	3	29.750082517568575	0.0006683513601207803	181.2477197205704				5432564.028251603	1513803.7977354648	1826261.8973181103	706985.0641437169	4774152.212223047	3511232.3759247423	4064138.84088759	1526489.5141030434	1719436.0787479687	140124.09276402244	1723947.8689097457	1996185.1445019883	222813.93928407878	9206639.6451232	867705.3366756742	460469.5434312569	3538776.5278732376	1047767.3335322196	24958009.011927895	17304918.166189406	5875343.965801587	8699923.748993944	3855016.0643549147	51791942.72581997
P00134	P00134	GENE134	MaxQuant protein 134	1	12	22	11	147.12554959704138	0.00892257279235384	125.80489774339158				673718.8133127064	2213719.271005945	5652451.407457915	852282.2675729968	32772534.156852905	5650462.467011993	361066.7318512874	3012486.7656652764	3289801.5858702385	9968488.275415692	146500.2848570695	405503.9161750547	2714577.7450457765	2819469.371136812	1796183.170620406	9498588.461562011	43462958.47655314	48453219.01482181	67169669.51532927	557432.001080121	29533778.897849195	47281039.594238065	21274100.064612713	11593557.580273211
P00135	P00135	GENE135	MaxQuant protein 135	1	7	18	10	84.10038755859736	0.007291569695460884	256.59027194596285				4193691.2273032954	2866282.6109887864	7965024.149618381	15246240.631305806	3218948.047273669	7937371.766814379	1192392.6672220293	9525260.925951384	9954453.427576987	395518.58828630793	120564.11507016899	509653.4615831649	882577.658836314	694122.6969056393	524760.6694844151	183737.85226750842	3189461.546905869	12823482.279347263	9236162.177707149	1561128.8427760727	10434540.064038292	444127.7807978914	687952.7854355875	333306.6066430617
P00136	P00136	GENE136	MaxQuant protein 136	2	24	18	19	114.56399265741517	0.00906341750738512	132.55410212159254	+			7115942.535187517	15820476.685132679	3067822.778204823	21810918.293435365	173741.35204395908	17630659.777435467	1242171.275632018	8128290.815527862	3908959.5543657755	17476427.593076035	274541.2618534395	3611740.3729140335	1451625.7331758628	1221256.889330926	499429.35089342337	2909710.4554850007	412940.39953203197	21856260.99034115	2668400.6898322236	987580.518204128	841335.1707921757	4980204.7517584395	45730838.246894956	5583819.377928687
P00137	P00137	GENE137	MaxQuant protein 137	3	21	17	9	50.00883001874551	0.009510744360933982	261.0180564620762	+			1217742.9437874309	2019179.7595130343	23150573.804698333	2038654.9464334697	6312332.397153397	3367668.7956305947	1031871.7052630783	17879649.25164512	591905.9949169463	3136946.057441343	1389660.4801225048	6507017.893265058	478058.592795822	1074721.0279457967	4818007.740504793	258637.32213882403	20248321.40171239	11292502.684728062	18138505.245306607	7755154.797654994	6461863.967272193	2399277.3865551515	6247674.656907431	67365922.07969126
P00138	P00138	GENE138	MaxQuant protein 138	2	27	14	6	75.0684244484229	0.008242031542071107	227.95167478980176	+	+		1543686.986592682	58154.56453220307	15933471.319427641	8968555.268264383	819047.9563024931	5311432.870981805	23161571.64014984	45636709.72066932	90419.22510775896	2272224.3437404167	809352.6341993809	6036624.8737630425	210800.03646611716	253151.1312986229	2233367.1257972713	638719.5678445427	24662662.35866622	3123214.5237423773	9230902.195095446	12419193.000427628	2191557.2197332564	3950502.0094375806	4327866.422194783	11821348.266637899
P00139	P00139	GENE139	MaxQuant protein 139	4	14	25	20	24.63701884337619	0.0038347344071267267	237.13811012545642	+	+	+	2156633.257213621	7485638.152207517	2768682.8097238606	2827442.8407183792	2149025.241319955	1609478.9623651705	7460378.061892492	4841333.0289106425	140650.73600315413	382546.90500989597	1971842.5174233816	4941142.492239882	73648.44447312302	618418.3819929465	8975925.818382343	1737464.1035735372	110948386.844372	5341141.745579163	4206853.467961119	44724647.29614162	20117149.751577694	10086668.29335603	14191540.086275386	2162791.3529910333
P00140	P00140	GENE140	MaxQuant protein 140	4	11	11	6	122.17047811502627	0.007062788193861706	202.05649739550378	+	+	+	15394357.422096763	37609228.95864493	6240812.202378788	120409.97857152454	19524306.769291073	10852778.229460465	338592.2050255586	1323837.6559787178	360741.51227427885	512735.4173295096	223460.09448105659	1338281.3867250802	7801512.625092107	2659805.8713570433	2525479.9090597345	2309968.6151800402	12454788.970882436	17037618.457687713	4956134.187764414	7785807.45343545	3332851.52255631	7683370.506889343	21004561.941670436	5500416.879940208
